function A=Sproj01
%
% % B=[100 300 -600 200;
% %     500 -400 300 -200;
% %     100 300 -600 200;
% %     -800 900 -100 -700];
% % A=[eye(4) B;zeros(4) eye(4)];
%
% % A=[3527199*2^3 6746489*2 -8816797 1247053*2^5 13508351*2^3 -14061827*2^2;
% %     1247053*2^4 13508351*2^2 -14061827*2 3527199*2^3 6746489*2 -8816797;
% %     1 -2^24 0 0 0 0;
% %     0 1 -2^24 0 0 0;
% %     0 0 0 1 -2^24 0;
% %     0 0 0 0 1 -2^24];
%
A=[-1 301 -289 561;
    -1 300 -289 561;
    -1 300 -290 561;
    -1 300 -290 560];
